111111111111111111111111111111111111111111111111111111111111111111111111111111111111111111111111111111111111111111111111111111111111111111111111111111111111111111111111111111111111
111111111111111111111111111111111111111111111111111111111111111111111111111111111111111111111111111111111111111111111111111111111111111111111111111111111111111111111111111111111111
111111111111111111111111111111111111111111111111111111111111111111111111111111111111111111111111111111111111111111111111111111111111111111111111111111111111111111111111111111111111
111111111111111111111111111111111111111111111111111111111111111111111111111111111111111111111111111111111111111111111111111111111111111111111111111111111111111111111111111111111111
111111111111111111111111111111111111111111111111111111111111111111111111111111111111111111111111111111111111111111111111111111111111111111111111111111111111111111111111111111111111
111111111111111111111111111111111111111111111111111111111111111111111111111111111111111111111111111111111111111111111111111111111111111111111111111111111111111111111111111111111111
111111111111111111111111111111111111111111111111111111111111111111111111111111111111111111111111111111111111111111111111111111111111111111111111111111111111111111111111111111111111
111111111111111111111111111111111111111111111111111111111111111111111111111111111111111111111111111111111111111111111111111111111111111111111111111111111111111111111111111111111111
111111111111111111111111111111111111111111111111111111111111111111111111111111111111111111111111111111111111111111111111111111111111111111111111111111111111111111111111111111111111
111111111111111111111111111111111111111111111111111111111111111111111111111111111111111111111111111111111111111111111111111111111111111111111111111111111111111111111111111111111111
111111111111111111111111111111111111111111111111111111111111111111111111111111111111111111111111111111111111111111111111111111111111111111111111111111111111111111111111111111111111
111111111111111111111111111111111111111111111111111111111111111111111111111111111111111111111111111111111111111111111111111111111111111111111111111111111111111111111111111111111111
111111111111111111111111111111111111111111111111111111111111111111111111111111111111111111111111111111111111111111111111111111111111111111111111111111111111111111111111111111111111
111111111111111111111111111111111111111111111111111111111111111111111111111111111111111111111111111111111111111111111111111111111111111111111111111111111111111111111111111111111111
111111111111111111111111111111111111111111111111111111111111111111111111111111111111111111111111111111111111111111111111111111111111111111111111111111111111111111111111111111111111
111111111111111111111111111111111111111111111111111111111111111111111111111111111111111111111111111111111111111111111111111111111111111111111111111111111111111111111111111111111111
111111111111111111111111111111111111111111111111111111111111111111111111111111111111111111111111111111111111111111111111111111111111111111111111111111111111111111111111111111111111
111111111111111111111111111111111111111111111111111111111111111111111111111111111111111111111111111111111111111111111111111111111111111111111111111111111111111111111111111111111111
111111111111111111111111111111111111111111111111111111111111111111111111111111111111111111111111111111111111111111111111111111111111111111111111111111111111111111111111111111111111
111111111111111111111111111111111111111111111111111111111111111111111111111111111111111111111111111111111111111111111111111111111111111111111111111111111111111111111111111111111111
111111111111111111111111111111111111111111111111111111111111111111111111111111111111111111111111111111111111111111111111111111111111111111111111111111111111111111111111111111111111
111111111111111111111111111111111111111111111111111111111111111111111111111111111111111111111111111111111111111111111111111111111111111111111111111111111111111111111111111111111111
111111111111111111111111111111111111111111111111111111111111111111111111111111111111111111111111111111111111111111111111111111111111111111111111111111111111111111111111111111111111
111111111111111111111111111111111111111111111111111111111111111111111111111111111111111111111111111111111111111111111111111111111111111111111111111111111111111111111111111111111111
111111111111111111111111111111111111111111111111111111111111111111111111111111111111111111111111111111111111111111111111111111111111111111111111111111111111111111111111111111111111
111111111111111111111111111111111111111111111111111111111111111111111111111111111111111111111111111111111111111111111111111111111111111111111111111111111111111111111111111111111111
111111111111111111111111111111111111111111111111111111111111111111111111111111111111111111111111111111111111111111111111111111111111111111111111111111111111111111111111111111111111
111111111111111111111111111111111111111111111111111111111111111111111111111111111111111111111111111111111111111111111111111111111111111111111111111111111111111111111111111111111111
111111111111111111111111111111111111111111111111111111111111111111111111111111111111111111111111111111111111111111111111111111111111111111111111111111111111111111111111111111111111
111111111111111111111111111111111111111111111111111111111111111111111111111111111111111111111111111111111111111111111111111111111111111111111111111111111111111111111111111111111111
111111111111111111111111111111111111111111111111111111111111111111111111111111111111111111111111111111111111111111111111111111111111111111111111111111111111111111111111111111111111
111111111111111111111111111111111111111111111111111111111111111111111111111111111111111111111111111111111111111111111111111111111111111111111111111111111111111111111111111111111111
111111111111111111111111111111111111111111111111111111111111111111111111111111111111111111111111111111111111111111111111111111111111111111111111111111111111111111111111111111111111
111111111111111111111111111111111111111111111111111111111111111111111111111111111111111111111111111111111111111111111111111111111111111111111111111111111111111111111111111111111111
111111111111111111111111111111111111111111111111111111111111111111111111111111111111111111111111111111111111111111111111111111111111111111111111111111111111111111111111111111111111
111111111111111111111111111111111111111111111111111111111111111111111111111111111111111111111111111111111111111111111111111111111111111111111111111111111111111111111111111111111111
111111111111111111111111111111111111111111111111111111111111111111111111111111111111111111111111111111111111111111111111111111111111111111111111111111111111111111111111111111111111
111111111111111111111111111111111111111111111111111111111111111111111111111111111111111111111111111111111111111111111111111111111111111111111111111111111111111111111111111111111111
111111111111111111111111111111111111111111111111111111111111111111111111111111111111111111111111111111111111111111111111111111111111111111111111111111111111111111111111111111111111
111111111111111111111111111111111111111111111111111111111111111111111111111111111111111111111111111111111111111111111111111111111111111111111111111111111111111111111111111111111111
111111111111111111111111111111111111111111111111111111111111111111111111111111111101110011111000111101111111111111111111111111111111111111111111111111111111111111111111111111111111
111111111111111111111111111111111111111111111111111111111111111111111111111111110110011000110011111111111111111111111111111111111111111111111111111111111111111111111111111111111111
111111111111111111111111111111111111111111111111111111111111111111111111111111111100001110001100111111111111111111111111111111111111111111111111111111111111111111111111111111111111
111111111111111111111111111111111111111111111111111111111111111111111111111111110111110001110001011111111111111111111111111111111111111111111111111111111111111111111111111111111111
111111111111111111111111111111111111111111111111111111111111111111111111111111111000100111000100111111111111111111111111111111111111111111111111111111111111111111111111111111111111
111111111111111111111111111111111111111111111111111111111111111111111111111111111111101100111111111111111111111111111111111111111111111111111111111111111111111111111111111111111111
111111111111111111111111111111111111111111111111111111111111111111111111111111110110110000000110111000111111111111111111111111111111111111111111111111111111111111111111111111111111
111111111111111111111111111111111111111111111111111111111111111111111111111111111011000000000001111000011111111111111111111111111111111111111111111111111111111111111111111111111111
111111111111111111111111111111111111111111111111111111111111111110000000100111011100001110111000001100111111000111000011111111111111111111111111111111111111111111111111111111111111
111111111111111111111111111111111111111111111111111111111111111101111110010001100000010000111110000011111001011101110011111111111111111111111111111111111111111111111111111111111111
111111111111111111111111111111111111111111111111111111111111111100011001101110000011111111101010100000011111111000000100111111111111111111111111111111111111111111111111111111111111
111111111111111111111111111111111111111111111111111111111111111111000000111000001110000000000001101100000110011011001110111111111111111111111111111111111111111111111111111111111111
111111111111111111111111111111111111111111111111111111111111111100011111000001100000000000000000101110000001101100111111111111111111111111111111111111111111111111111111111111111111
111111111111111111111111111111111111111111111111111111111111111101101100000010000000010100011000010000010000001111001110111111111111111111111111111111111111111111111111111111111111
111111111111111111111111111111111111111111111111111111111111111110110000011100011100011100010100000000000110000011000000111111111111111111111111111111111111111111111111111111111111
111111111111111111111111111111111111111111111111111111111111111111000001000100011100000000010100000001100011100000111001111111111111111111111111111111111111111111111111111111111111
111111111111111111111111111111111111111111111111111111111010101100000100000000100000000000011100000010100010011000001101111111111111111111111111111111111111111111111111111111111111
111111111111111111111111111111111111111111111111111111111111010000111000000000000000011100010100000011110000000111000010111111111111111111111111111111111111111111111111111111111111
111111111111111111111111111111111111111111111111111111111100100011100001000100011100010100010100000010010000001100110000111111111111111111111111111111111111111111111111111111111111
111111111111111111111111111111111111111111111111111111110101100101000001000100111100011100011000000000110000000110101001111111111111111111111111111111111111111111111111111111111111
111111111111111111111111111111111111111111111111111111111011100110011000001100011100000000000000110001010000000100011001111111111111111111111111111111111111111111111111111111111111
111111111111111111111111111111111111111111111111111111111010100100111000000100000000000000000001011000110000000110001001111111111111111111111111111111111111111111111111111111111111
111111111111111111111111111111111111111111111111111111110100100100100000000000000011111111001111000100000000000000001001111111111111111111111111111111111111111111111111111111111111
111111111111111111111111111111111111111111111111111111111110100100000000100000011110111110111110101010000010000000001001111111111111111111111111111111111111111111111111111111111111
111111111111111111111111111111111111111111111111111111111011100100001001110011100011100000000001101111111110010000001001011111111111111111111111111111111111111111111111111111111111
111111111111111111111111111111111111111111111111111111111011100100011000011101001100000000000000010010011000010000001001011111111111111111111111111111111111111111111111111111111111
111111111111111111111111111111111111111111111111111111111011100100101001100001111000000011100000000100100011010000001001011111111111111111111111111111111111111111111111111111111111
111111111111111111111111111111111111111111111111111111111010100100100000101011100000000000000000000011011011010010001001011111111111111111111111111111111111111111111111111111111111
111111111111111111111111111111111111111111111111111111111011100100101101011110000000000000000001000001101010010110001001011111111111111111111111111111111111111111111111111111111111
111111111111111111111111111111111111111111111111111111111011100100110010011011000001000000000000000100101001111010001001011111111111111111111111111111111111111111111111111111111111
111111111111111111111111111111111111111111111111111111111010100100101000010010000000000000000000100000010000111001001001011111111111111111111111111111111111111111111111111111111111
111111111111111111111111111111111111111111111111111111111011100101100101101100000010000000000000010000010110110110101001011111111111111111111111111111111111111111111111111111111111
111111111111111111111111111111111111111111111111111111111111100101111011011100100000001000000100010001001001011110011001001111001111111111111111111111111111111111111111111111111111
111111111111111111111111111111111111111111111111111111111000100101101000100100000000000000000000000000001010001001101001111100011111111111111111111111111111111111111111111111111111
111111111111111111111111111111111111111111111111111111110100100110010010100000000000000000000000000000000001100100001001011000111111111111111111111111111111111111111111111111111111
111111111111111111111111111111111111111111111111111111111111100111001110111000000000001001000100000000000110001001101001111000111111111111111111111111111111111111111111111111111111
111111111111111111111111111111111111111111111111111111110001100001010011011000100000001000001100000000000010111110011001000011001111111111111111111111111111111111111111111111111111
111111111111111111111111111111111111111111111111111111111000111000011000101000100010000110011000010000000110000000001110000111001111111111111111111111111111111111111111111111111111
111111111111111111111111111111111111111111111111111111111100001000000110101000000010000000000000000000000110110000011000001110111111111111111111111111111111111111111111111111111111
111111111111111111111111111111111111111111111111111111110011000000000011111000000001000000000000100000000011000000100001111100111111111111111111111111111111111111111111111111111111
111111111111111111111111111111111111111111111111111111111100100000111000011000000001100000000001100000000110001100000110111111111111111111111111111111111111111111111111111111111111
111111111111111111111111111111111111111111111111111111110001111000110110001000010000011000000010000000001000011000011011111111111111111111111111111111111111111111111111111111111111
111111111111111111111111111111111111111111111111111111110011000110010011101000001100000010100000001000001001111000111000111111111111111111111111111111111111111111111111111111111111
111111111111111111111111111111111111111111111111111111111101100101100101011000000010000001000000010000001101100111001001111111111111111111111111111111111111111111111111111111111111
111111111111111111111111111111111111111111111111111111111001100100110011101100000000000101000000000000001100110100001001111111111111111111111111111111111111111111111111111111111111
111111111111111111111111111111111111111111111111111111111011100111010011010100000000010010111110000000001011000111111001111111111111111111111111111111111111111111111111111111111111
111111111111111111111111111111111111111111111111111111111011100101011100110100000000000001000000000000001100110100001001111111111111111111111111111111111111111111111111111111111111
111111111111111111111111111111111111111111111111111111110000100111111011011100000000000000000000000000011111001111011001111111111111111111111111111111111111111111111111111111111111
111111111111111111111111111111111111111111111111111111110110100100000010011100000000000010000000000000001011011000001001011111111111111111111111111111111111111111111111111111111111
111111111111111111111111111111111111111111111111111111111110100100000111110000000000000010010000000000001100000000001001011111111111111111111111111111111111111111111111111111111111
111111111111111111111111111111111111111111111111111111111110100100010011000000000000000000000000000000000010100000001001011111111111111111111111111111111111111111111111111111111111
111111111111111111111111111111111111111111111111111111111010100100000010000000001000000000000000000100000001100000001001011111111111111111111111111111111111111111111111111111111111
111111111111111111111111111111111111111111111111111111111011100100100010000000100111100000000001110000000000111000001001011111111111111111111111111111111111111111111111111111111111
111111111111111111111111111111111111111111111111111111111011100100000100000000000000000000000000000000000000010000001001011111111111111111111111111111111111111111111111111111111111
111111111111111111111111111111111111111111111111111111111001100100001100000100000000000000000000000000000000010001001001011111111111111111111111111111111111111111111111111111111111
111111111111111111111111111111111111111111111111111111111011100101111100000100000000000000000000000000001000001101101001011111111111111111111111111111111111111111111111111111111111
111111111111111111111111111111111111111111111111111111110101100101010100000100000000000000000000000000001000001111101001111111111111111111111111111111111111111111111111111111111111
111111111111111111111111111111111111111111111111111111110100100100011000000100000000000000000000000000001000001000001000111111111111111111111111111111111111111111111111111111111111
111111111111111111111111111111111111111111111111111111110110100101110100000010000000000000000000000000011000001101101001111111111111111111111111111111111111111111111111111111111111
111111111111111111111111111111111111111111111111111111111110100111000000000000000000000000000000000000010000001110111001111111111111111111111111111111111111111111111111111111111111
111111111111111111111111111111111111111111111111111111111010100101010010000000000000000000000000000000000000010101001001111111111111111111111111111111111111111111111111111111111111
111111111111111111111111111111111111111111111111111111111010100111110111000000000000000000000000000000000000110101111001111111111111111111111111111111111111111111111111111111111111
111111111111111111111111111111111111111111111111111111110011111110000001100000000000000000000000000000000000111000010010111111111111111111111111111111111111111111111111111111111111
111111111111111111111111111111111111111111111111111111111001010000111100000000000000000000000000000000000000001110000101111111111111111111111111111111111111111111111111111111111111
111111111111111111111111111111111111111111111111111111111001110000110000000000000000000000000000000000000000000110000001110000011111111111111111111111111111111111111111111111111111
111111111111111111111111111111111111111111111111111111111111000000100001000000011000000000000000000110000000110000000000110100101111111111111111111111111111111111111111111111111111
111111111111111111111111111111111111111111111111111111111000001000000010000000100000000000000000000101000000011000001100001001111111111111111111111111111111111111111111111111111111
111111111111111111111111111111111111111111111111111111111000100000011110000000101100000000000000001101000000010110001011000011001111111111111111111111111111111111111111111111111111
111111111111111111111111111111111111111111111111111111111001100001000010000000101000000000000000000111000000010011001001110011011111111111111111111111111111111111111111111111111111
111111111111111111111111111111111111111111111111111111111110100111111110000000110000000000000000000011000000011100111001001100101111111111111111111111111111111111111111111111111111
111111111111111111111111111111111111111111111111111111110001100110001001000000000000000100001000000000000000100100001001011000011111111111111111111111111111111111111111111111111111
111111111111111111111111111111111111111111111111111111111100000100011101000000000000000110111000000000000000110011111001100111101111111111111111111111111111111111111111111111111111
111111111111111111111111111111111111111111111111111111110010100100001110000000000000001010011100000000000000001100011001011111111111111111111111111111111111111111111111111111111111
111111111111111111111111111111111111111111111111111111111010100100000110100000000000001100110100000000000001110000001001011111111111111111111111111111111111111111111111111111111111
111111111111111111111111111111111111111111111111111111111011100100000010010000000000111111100111000000000011000000001001011111111111111111111111111111111111111111111111111111111111
111111111111111111111111111111111111111111111111111111111011100100000011000100000011110101001101100000001100001110001001011111111111111111111111111111111111111111111111111111111111
111111111111111111111111111111111111111111111111111111111010100100000001100001111100011010011111011111110000001010001000011111111111111111111111111111111111111111111111111111111111
111111111111111111111111111111111111111111111111111111111010100100000000100000001111011011110010111000000010000010011001011111111111111111111111111111111111111111111111111111111111
111111111111111111111111111111111111111111111111111111110010100100000000100000000000000111000100000000000010001110011001011111111111111111111111111111111111111111111111111111111111
111111111111111111111111111111111111111111111111111111110010100100000100100001110000000100000000000011000100001000001001011111111111111111111111111111111111111111111111111111111111
111111111111111111111111111111111111111111111111111111110011100100000100000000110001101000010011100001000000001100101001111111111111111111111111111111111111111111111111111111111111
111111111111111111111111111111111111111111111111111111111001100100000000000000000001011000101010100011000000001000001001111111111111111111111111111111111111111111111111111111111111
111111111111111111111111111111111111111111111111111111110100100011100010000000000000000000011111100011001100000001110000111111111111111111111111111111111111111111111111111111111111
111111111111111111111111111111111111111111111111111111111100010000011101000001110000000001001100100011000110000110000010111111111111111111111111111111111111111111111111111111111111
111111111111111111111111111111111111111111111111111111111101101000010111000000010001000001111010100011001000011000001101111111111111111111111111111111111111111111111111111111111111
111111111111111111111111111111111111111111111111111111111010011110000001100000110001000000010001100010000001100000111011111111111111111111111111111111111111111111111111111111111111
111111111111111111111111111111111111111111111111111111110111100000111000011001010001111000110011100000000110000011001011111111111111111111111111111111111111111111111111111111111111
111111111111111111111111111111111111111111111111111111111110011110110100000010010000000000000010100001110000011100111100111111111111111111111111111111111111111111111111111111111111
111111111111111111111111111111111111111111111111111111111111111100001111100000111000000100000110000111000001110011111111111111111111111111111111111111111111111111111111111111111111
111111111111111111111111111111111111111111111111111111111111111111111111011000001111111011111001111100000111000111111111111111111111111111111111111111111111111111111111111111111111
111111111111111111111111111111111111111111111111111111111111111111111111111110000011100111100110100000110111000111111111111111111111111111111111111111111111111111111111111111111111
111111111111111111111111111111111111111111111111111111111111111111111111010011100000111000001100000011000011100011111111111111111111111111111111111111111111111111111111111111111111
111111111111111111111111111111111111111111111111111111111111111111111100000111111100000110011000001100111111111111111111111111111111111111111111111111111111111111111111111111111111
111111111111111111111111111111111111111111111111111111111111111111111100110011001111000000000001110011000000011111111111111111111111111111111111111111111111111111111111111111111111
111111111111111111111111111111111111111111111111111111111111111111111110011001110010110000000111011100001111110011111111111111111111111111111111111111111111111111111111111111111111
111111111111111111111111111111111111111111111111111111111111111111111110011100011000101110011000110011111100110011111111111111111111111111111111111111111111111111111111111111111111
111111111111111111111111111111111111111111111111111111111111111111111111111111111111111111111111111111111111111111111111111111111111111111111111111111111111111111111111111111111111
111111111111111111111111111111111111111111111111111111111111111111111111111111111111111111111111111111111111111111111111111111111111111111111111111111111111111111111111111111111111
111111111111111111111111111111111111111111111111111111111111111111111111111111111111111111111111111111111111111111111111111111111111111111111111111111111111111111111111111111111111
111111111111111111111111111111111111111111111111111111111111111111111111111111111111111111111111111111111111111111111111111111111111111111111111111111111111111111111111111111111111
111111111111111111111111111111111111111111111111111111111111111111111111111111111111111111111111111111111111111111111111111111111111111111111111111111111111111111111111111111111111
111111111111111111111111111111111111111111111111111111111111111111111111111111111111111111111111111111111111111111111111111111111111111111111111111111111111111111111111111111111111
111111111111111111111111111111111111111111111111111111111111111111111111111111111111111111111111111111111111111111111111111111111111111111111111111111111111111111111111111111111111
111111111111111111111111111111111111111111111111111111111111111111111111111111111111111111111111111111111111111111111111111111111111111111111111111111111111111111111111111111111111
111111111111111111111111111111111111111111111111111111111111111111111111111111111111111111111111111111111111111111111111111111111111111111111111111111111111111111111111111111111111
111111111111111111111111111111111111111111111111111111111111111111111111111111111111111111111111111111111111111111111111111111111111111111111111111111111111111111111111111111111111
111111111111111111111111111111111111111111111111111111111111111111111111111111111111111111111111111111111111111111111111111111111111111111111111111111111111111111111111111111111111
111111111111111111111111111111111111111111111111111111111111111111111111111111111111111111111111111111111111111111111111111111111111111111111111111111111111111111111111111111111111
111111111111111111111111111111111111111111111111111111111111111111111111111111111111111111111111111111111111111111111111111111111111111111111111111111111111111111111111111111111111
111111111111111111111111111111111111111111111111111111111111111111111111111111111111111111111111111111111111111111111111111111111111111111111111111111111111111111111111111111111111
111111111111111111111111111111111111111111111111111111111111111111111111111111111111111111111111111111111111111111111111111111111111111111111111111111111111111111111111111111111111
111111111111111111111111111111111111111111111111111111111111111111111111111111111111111111111111111111111111111111111111111111111111111111111111111111111111111111111111111111111111
111111111111111111111111111111111111111111111111111111111111111111111111111111111111111111111111111111111111111111111111111111111111111111111111111111111111111111111111111111111111
111111111111111111111111111111111111111111111111111111111111111111111111111111111111111111111111111111111111111111111111111111111111111111111111111111111111111111111111111111111111
111111111111111111111111111111111111111111111111111111111111111111111111111111111111111111111111111111111111111111111111111111111111111111111111111111111111111111111111111111111111
111111111111111111111111111111111111111111111111111111111111111111111111111111111111111111111111111111111111111111111111111111111111111111111111111111111111111111111111111111111111
111111111111111111111111111111111111111111111111111111111111111111111111111111111111111111111111111111111111111111111111111111111111111111111111111111111111111111111111111111111111
111111111111111111111111111111111111111111111111111111111111111111111111111111111111111111111111111111111111111111111111111111111111111111111111111111111111111111111111111111111111
111111111111111111111111111111111111111111111111111111111111111111111111111111111111111111111111111111111111111111111111111111111111111111111111111111111111111111111111111111111111
111111111111111111111111111111111111111111111111111111111111111111111111111111111111111111111111111111111111111111111111111111111111111111111111111111111111111111111111111111111111
111111111111111111111111111111111111111111111111111111111111111111111111111111111111111111111111111111111111111111111111111111111111111111111111111111111111111111111111111111111111
111111111111111111111111111111111111111111111111111111111111111111111111111111111111111111111111111111111111111111111111111111111111111111111111111111111111111111111111111111111111
111111111111111111111111111111111111111111111111111111111111111111111111111111111111111111111111111111111111111111111111111111111111111111111111111111111111111111111111111111111111
111111111111111111111111111111111111111111111111111111111111111111111111111111111111111111111111111111111111111111111111111111111111111111111111111111111111111111111111111111111111
111111111111111111111111111111111111111111111111111111111111111111111111111111111111111111111111111111111111111111111111111111111111111111111111111111111111111111111111111111111111
111111111111111111111111111111111111111111111111111111111111111111111111111111111111111111111111111111111111111111111111111111111111111111111111111111111111111111111111111111111111
111111111111111111111111111111111111111111111111111111111111111111111111111111111111111111111111111111111111111111111111111111111111111111111111111111111111111111111111111111111111
111111111111111111111111111111111111111111111111111111111111111111111111111111111111111111111111111111111111111111111111111111111111111111111111111111111111111111111111111111111111
111111111111111111111111111111111111111111111111111111111111111111111111111111111111111111111111111111111111111111111111111111111111111111111111111111111111111111111111111111111111
111111111111111111111111111111111111111111111111111111111111111111111111111111111111111111111111111111111111111111111111111111111111111111111111111111111111111111111111111111111111
111111111111111111111111111111111111111111111111111111111111111111111111111111111111111111111111111111111111111111111111111111111111111111111111111111111111111111111111111111111111
111111111111111111111111111111111111111111111111111111111111111111111111111111111111111111111111111111111111111111111111111111111111111111111111111111111111111111111111111111111111
111111111111111111111111111111111111111111111111111111111111111111111111111111111111111111111111111111111111111111111111111111111111111111111111111111111111111111111111111111111111
111111111111111111111111111111111111111111111111111111111111111111111111111111111111111111111111111111111111111111111111111111111111111111111111111111111111111111111111111111111111
111111111111111111111111111111111111111111111111111111111111111111111111111111111111111111111111111111111111111111111111111111111111111111111111111111111111111111111111111111111111
111111111111111111111111111111111111111111111111111111111111111111111111111111111111111111111111111111111111111111111111111111111111111111111111111111111111111111111111111111111111
111111111111111111111111111111111111111111111111111111111111111111111111111111111111111111111111111111111111111111111111111111111111111111111111111111111111111111111111111111111111
111111111111111111111111111111111111111111111111111111111111111111111111111111111111111111111111111111111111111111111111111111111111111111111111111111111111111111111111111111111111
111111111111111111111111111111111111111111111111111111111111111111111111111111111111111111111111111111111111111111111111111111111111111111111111111111111111111111111111111111111111
111111111111111111111111111111111111111111111111111111111111111111111111111111111111111111111111111111111111111111111111111111111111111111111111111111111111111111111111111111111111
